% -------------------------------------------------------------------
%  Generated by MATLAB on 2-Oct-2023 08:29:14
%  MATLAB version: 9.12.0.2039608 (R2022a) Update 5
% -------------------------------------------------------------------
                                 

A = ...
  [1 1 1;
   1 2 2;
   1 2 3];

A1 = ...
  [5 6 8;
   1 2 2;
   1 2 3];

A2 = ...
  [1 1 1;
   5 6 8;
   1 2 3];

A3 = ...
  [1 1 1;
   1 2 2;
   5 6 8];

ans = 2;

